-1 0.0909091 0.0906331 0.0909091
-0.98 0.101436 0.101695 -0.0353505
-0.96 0.113281 0.113322 -0.053344
-0.94 0.126603 0.126442 -0.0176717
-0.92 0.141572 0.141391 0.0387808
-0.9 0.158368 0.15828 0.0978663
-0.88 0.177178 0.177185 0.151044
-0.86 0.19819 0.198226 0.195686
-0.84 0.221583 0.221581 0.23249
-0.82 0.247521 0.247456 0.263731
-0.8 0.276133 0.276041 0.292138
-0.78 0.307503 0.307463 0.320225
-0.76 0.341647 0.34175 0.349941
-0.74 0.378492 0.378803 0.382541
-0.72 0.417861 0.418383 0.418592
-0.7 0.459455 0.460117 0.458064
-0.68 0.502847 0.503509 0.500467
-0.66 0.547483 0.547965 0.544989
-0.64 0.5927 0.592826 0.59064
-0.62 0.637754 0.637396 0.636368
-0.6 0.681868 0.680984 0.681159
-0.58 0.724277 0.722933 0.724106
-0.56 0.764287 0.762648 0.764457
-0.54 0.801315 0.799624 0.80164
-0.52 0.834929 0.83346 0.835269
-0.5 0.864865 0.863873 0.865137
-0.48 0.891023 0.8907 0.891198
-0.46 0.913456 0.913896 0.913543
-0.44 0.932346 0.933528 0.932369
-0.42 0.947966 0.949763 0.947955
-0.4 0.960652 0.962848 0.960631
-0.38 0.970771 0.973098 0.970755
-0.36 0.978696 0.98087 0.97869
-0.34 0.984787 0.986546 0.984789
-0.32 0.989377 0.990513 0.989382
-0.3 0.992763 0.993148 0.992766
-0.28 0.995204 0.994798 0.995203
-0.26 0.99692 0.995775 0.996913
-0.24 0.998093 0.99634 0.998081
-0.22 0.998867 0.996703 0.998854
-0.2 0.99936 0.997019 0.999348
-0.18 0.99966 0.997391 0.999651
-0.16 0.999832 0.997871 0.999828
-0.14 0.999925 0.998471 0.999925
-0.12 0.99997 0.999168 0.999974
-0.1 0.99999 0.999916 0.999996
-0.08 0.999997 1.00065 1
-0.06 1 1.00132 1
-0.04 1 1.00184 1
-0.02 1 1.00217 1
6.17562e-16 1 1.00229 1
0.02 1 1.00217 1
0.04 1 1.00184 1
0.06 1 1.00132 1
0.08 0.999997 1.00065 1
0.1 0.99999 0.999916 0.999996
0.12 0.99997 0.999168 0.999974
0.14 0.999925 0.998471 0.999925
0.16 0.999832 0.997871 0.999828
0.18 0.99966 0.997391 0.999651
0.2 0.99936 0.997019 0.999348
0.22 0.998867 0.996703 0.998854
0.24 0.998093 0.99634 0.998081
0.26 0.99692 0.995775 0.996913
0.28 0.995204 0.994798 0.995203
0.3 0.992763 0.993148 0.992766
0.32 0.989377 0.990513 0.989382
0.34 0.984787 0.986546 0.984789
0.36 0.978696 0.98087 0.97869
0.38 0.970771 0.973098 0.970755
0.4 0.960652 0.962848 0.960631
0.42 0.947966 0.949763 0.947955
0.44 0.932346 0.933528 0.932369
0.46 0.913456 0.913896 0.913543
0.48 0.891023 0.8907 0.891198
0.5 0.864865 0.863873 0.865137
0.52 0.834929 0.83346 0.835269
0.54 0.801315 0.799624 0.80164
0.56 0.764287 0.762648 0.764457
0.58 0.724277 0.722933 0.724106
0.6 0.681868 0.680984 0.681159
0.62 0.637754 0.637396 0.636368
0.64 0.5927 0.592826 0.59064
0.66 0.547483 0.547965 0.544989
0.68 0.502847 0.503509 0.500467
0.7 0.459455 0.460117 0.458064
0.72 0.417861 0.418383 0.418592
0.74 0.378492 0.378803 0.382541
0.76 0.341647 0.34175 0.349941
0.78 0.307503 0.307463 0.320225
0.8 0.276133 0.276041 0.292138
0.82 0.247521 0.247456 0.263731
0.84 0.221583 0.221581 0.23249
0.86 0.19819 0.198226 0.195686
0.88 0.177178 0.177185 0.151044
0.9 0.158368 0.15828 0.0978663
0.92 0.141572 0.141391 0.0387808
0.94 0.126603 0.126442 -0.0176717
0.96 0.113281 0.113322 -0.053344
0.98 0.101436 0.101695 -0.0353505
1 0.0909091 0.0906331 0.0909091
