0 1 1
0.0204082 0.956197 0.956194
0.0408163 0.913995 0.91399
0.0612245 0.873333 0.873326
0.0816327 0.834151 0.834142
0.102041 0.796394 0.796383
0.122449 0.760005 0.759992
0.142857 0.724933 0.724919
0.163265 0.691129 0.691114
0.183673 0.658544 0.658528
0.204082 0.627133 0.627115
0.22449 0.596852 0.596833
0.244898 0.567658 0.567639
0.265306 0.539512 0.539492
0.285714 0.512375 0.512355
0.306122 0.486211 0.48619
0.326531 0.460985 0.460963
0.346939 0.436662 0.436641
0.367347 0.413212 0.41319
0.387755 0.390603 0.390581
0.408163 0.368806 0.368784
0.428571 0.347793 0.347771
0.44898 0.327539 0.327517
0.469388 0.308017 0.307995
0.489796 0.289203 0.289182
0.510204 0.271076 0.271055
0.530612 0.253613 0.253592
0.55102 0.236793 0.236772
0.571429 0.220597 0.220577
0.591837 0.205006 0.204987
0.612245 0.190004 0.189985
0.632653 0.175573 0.175555
0.653061 0.161698 0.161681
0.673469 0.148365 0.148348
0.693878 0.135559 0.135543
0.714286 0.123268 0.123253
0.734694 0.11148 0.111465
0.755102 0.100184 0.10017
0.77551 0.0893688 0.0893558
0.795918 0.0790258 0.0790137
0.816327 0.0691458 0.0691347
0.836735 0.0597211 0.059711
0.857143 0.0507443 0.0507353
0.877551 0.0422091 0.0422013
0.897959 0.0341097 0.034103
0.918367 0.0264411 0.0264356
0.938776 0.019199 0.0191949
0.959184 0.01238 0.0123771
0.979592 0.005981 0.00597956
1 0 6.62843e-17
