-0.954243 -3.1888 -5.79478
-1.6902 -4.65655 -8.73587
-1.94939 -5.17493 -9.77267
-2.11059 -5.49727 -10.4175
-2.22789 -5.73186 -10.8868
-2.32015 -5.91637 -11.2561
-2.3962 -6.06848 -11.5596
-2.4609 -6.19788 -11.8217
-2.5172 -6.31047 -12.0469
-2.56703 -6.41013 -12.232
-2.61172 -6.49952 -12.4311
-2.65225 -6.58057 -12.6157
-2.68931 -6.65469 -12.7286
-2.72346 -6.72299 -12.7977
-2.75511 -6.7863 -13.06
-2.78462 -6.84531 -13.2119
-2.81224 -6.90057 -13.5863
-2.83822 -6.95251 -13.2752
-2.86273 -7.00153 -13.2095
-2.88593 -7.04793 -13.0976
-2.90795 -7.09197 -13.5623
-2.92891 -7.13389 -13.2369
-2.9489 -7.17388 -12.9831
-2.96802 -7.21211 -13.418
-2.98632 -7.24872 -13.6272
-3.00389 -7.28386 -13.4952
-3.02078 -7.31763 -12.6553
-3.03703 -7.35013 -13.0221
-3.05269 -7.38146 -12.8704
-3.06781 -7.41171 -12.7623
-3.08243 -7.44093 -13.2328
-3.09656 -7.4692 -12.6985
-3.11025 -7.49658 -13.1874
-3.12352 -7.52312 -12.5378
-3.1364 -7.54888 -12.7388
-3.14891 -7.5739 -13.0081
-3.16107 -7.59821 -12.6996
-3.17289 -7.62186 -13.1192
-3.18441 -7.64489 -13.0704
-3.19562 -7.66732 -12.7511
-3.20656 -7.68919 -13.3242
-3.21722 -7.71052 -12.8779
-3.22763 -7.73134 -12.6802
-3.23779 -7.75167 -12.4897
-3.24773 -7.77153 -12.7038
-3.25744 -7.79095 -12.6358
-3.26694 -7.80995 -13.376
-3.27623 -7.82853 -12.7719
-3.28533 -7.84674 -12.6944
-3.29425 -7.86457 -13.0298
-3.30298 -7.88203 -12.5918
-3.31154 -7.89915 -12.3418
-3.31994 -7.91595 -12.2899
-3.32818 -7.93242 -12.7101
-3.33626 -7.9486 -12.4192
-3.3442 -7.96448 -12.576
-3.35199 -7.98006 -13.1101
-3.35965 -7.99536 -12.5093
-3.36717 -8.01042 -12.7224
-3.37457 -8.02521 -12.5715
-3.38184 -8.03976 -12.6808
-3.38899 -8.05406 -12.4253
-3.39602 -8.06813 -12.4986
-3.40295 -8.08199 -12.3964
-3.40976 -8.09561 -12.4889
-3.41647 -8.10902 -12.7674
-3.42308 -8.12224 -12.8846
-3.42959 -8.13525 -12.7282
-3.436 -8.14807 -12.7284
-3.44232 -8.16074 -12.3144
-3.44855 -8.17319 -12.7113
-3.45469 -8.18548 -12.8494
-3.46075 -8.19754 -12.3222
-3.46672 -8.20948 -12.9007
-3.47261 -8.22133 -12.3944
-3.47842 -8.2329 -12.2474
-3.48416 -8.24442 -12.5309
-3.48982 -8.25569 -12.3808
-3.49541 -8.26693 -12.5629
-3.50092 -8.27794 -12.1934
-3.50637 -8.28879 -12.2524
-3.51175 -8.29954 -12.5782
-3.51706 -8.31025 -12.6198
-3.52231 -8.32073 -12.6786
-3.5275 -8.33113 -12.3559
-3.53263 -8.34138 -12.3007
-3.53769 -8.35139 -12.6716
-3.5427 -8.36154 -12.3085
-3.54765 -8.37144 -12.6002
-3.55255 -8.38116 -12.0581
-3.55739 -8.39086 -12.1931
-3.56217 -8.4005 -11.9443
-3.56691 -8.40985 -12.3065
-3.57159 -8.41917 -12.738
-3.57623 -8.4285 -12.2852
-3.58081 -8.4376 -12.504
-3.58535 -8.44675 -12.8546
-3.58984 -8.45574 -12.2056
-3.59428 -8.46467 -12.5755
-3.59868 -8.47347 -12.0556
-3.60304 -8.48204 -12.7111
-3.60735 -8.49083 -12.2998
-3.61162 -8.4993 -12.2426
-3.61584 -8.5079 -12.3797
-3.62003 -8.51622 -12.1155
-3.62418 -8.52458 -12.292
-3.62829 -8.53257 -11.8622
-3.63236 -8.54073 -11.974
-3.63639 -8.54886 -12.2985
-3.64038 -8.55678 -12.1991
-3.64434 -8.56494 -11.807
-3.64826 -8.57263 -12.1887
-3.65215 -8.58034 -12.6102
-3.656 -8.58803 -11.8616
-3.65982 -8.59577 -12.1006
-3.66361 -8.60325 -12.4124
-3.66736 -8.61074 -11.9962
-3.67108 -8.61836 -11.9583
-3.67477 -8.62555 -12.5874
-3.67843 -8.63291 -12.3097
-3.68205 -8.64022 -12.3715
-3.68565 -8.64741 -12.2579
-3.68922 -8.65419 -12.2176
-3.69276 -8.66167 -12.6401
-3.69627 -8.66857 -12.605
-3.69975 -8.67572 -12.0237
-3.70321 -8.68253 -12.0326
-3.70663 -8.68946 -11.8762
-3.71003 -8.69615 -11.6743
-3.71341 -8.70317 -11.9029
-3.71675 -8.70943 -12.2252
-3.72008 -8.71647 -12.1291
-3.72337 -8.72297 -12.5112
-3.72665 -8.72905 -11.8493
-3.72989 -8.73598 -12.1245
-3.73312 -8.74238 -12.003
-3.73632 -8.74864 -11.9216
-3.73949 -8.75486 -12.3835
-3.74265 -8.76127 -11.8047
-3.74578 -8.76744 -12.0546
-3.74889 -8.77398 -12.1917
-3.75197 -8.78023 -11.8896
-3.75504 -8.78612 -11.9127
-3.75808 -8.79221 -12.7366
-3.7611 -8.79812 -11.6749
-3.7641 -8.80418 -11.9165
-3.76708 -8.81068 -11.7491
-3.77004 -8.81642 -12.238
-3.77298 -8.82199 -12.0973
-3.7759 -8.82821 -12.1983
-3.7788 -8.83351 -11.8072
-3.78168 -8.83967 -11.845
-3.78455 -8.84499 -11.4666
-3.78739 -8.8507 -12.1177
-3.79021 -8.85687 -12.3071
-3.79302 -8.86253 -12.4177
-3.79581 -8.8676 -11.9807
-3.79858 -8.87303 -11.7046
-3.80134 -8.87869 -12.3673
-3.80407 -8.88348 -12.4559
-3.80679 -8.88971 -11.5422
-3.80949 -8.89546 -11.9332
-3.81218 -8.90111 -11.7826
-3.81485 -8.90531 -11.8377
-3.8175 -8.91084 -11.8559
-3.82014 -8.91641 -12.1566
-3.82276 -8.92173 -11.7708
-3.82536 -8.9267 -12.2948
-3.82795 -8.93248 -11.6866
-3.83052 -8.9375 -12.2011
-3.83308 -8.94256 -11.9216
-3.83563 -8.94726 -12.5271
-3.83816 -8.95233 -11.6702
-3.84067 -8.9576 -12.2157
-3.84317 -8.96186 -11.7288
-3.84566 -8.96764 -12.0488
-3.84813 -8.97199 -12.314
-3.85058 -8.97714 -12.172
-3.85303 -8.98158 -11.9304
-3.85546 -8.98554 -11.6109
-3.85788 -8.99182 -11.732
-3.86028 -8.99606 -11.965
-3.86267 -9.0007 -12.2223
-3.86504 -9.00645 -11.8218
-3.86741 -9.01078 -12.0772
-3.86976 -9.01587 -12.0058
-3.8721 -9.02101 -11.9273
-3.87442 -9.02452 -11.5695
-3.87674 -9.02905 -12.2877
-3.87904 -9.03334 -12.1482
-3.88133 -9.03872 -11.4584
-3.8836 -9.04334 -11.8381
-3.88587 -9.04737 -12.0885
-3.88812 -9.05227 -11.7004
-3.89037 -9.05645 -11.8398
-3.8926 -9.06181 -11.5739
-3.89481 -9.06659 -11.6305
-3.89702 -9.06998 -12.2087
-3.89922 -9.07523 -12.6022
-3.9014 -9.07889 -12.3354
-3.90358 -9.08284 -12.2178
-3.90574 -9.0858 -11.8686
-3.90789 -9.091 -12.0089
-3.91004 -9.09599 -12.1937
-3.91217 -9.09929 -11.9455
-3.91429 -9.10478 -11.6497
-3.9164 -9.10814 -11.8368
-3.9185 -9.1139 -11.6581
-3.92059 -9.11629 -11.616
-3.92267 -9.11926 -11.5981
-3.92474 -9.12508 -11.5259
-3.92681 -9.1282 -11.3615
-3.92886 -9.13335 -11.867
-3.9309 -9.13713 -11.5626
-3.93293 -9.1413 -11.6979
-3.93495 -9.14454 -11.6826
-3.93697 -9.15074 -11.8895
-3.93897 -9.15434 -11.9684
-3.94096 -9.1595 -11.6023
-3.94295 -9.16343 -11.6515
-3.94493 -9.16663 -11.7388
-3.94689 -9.16845 -11.356
-3.94885 -9.17379 -11.9041
-3.9508 -9.17897 -11.9737
-3.95274 -9.18125 -11.7679
-3.95468 -9.1869 -12.1678
-3.9566 -9.19051 -11.6775
-3.95852 -9.19008 -11.9652
-3.96042 -9.19713 -11.5199
-3.96232 -9.2004 -11.7782
-3.96421 -9.20584 -11.6462
-3.96609 -9.20573 -11.4737
-3.96797 -9.21021 -11.7375
-3.96984 -9.21636 -11.8972
-3.97169 -9.22008 -11.7533
-3.97354 -9.22634 -11.9769
-3.97539 -9.22954 -11.5294
-3.97722 -9.22922 -11.9878
-3.97905 -9.23738 -12.1636
-3.98087 -9.23707 -11.2921
-3.98268 -9.24099 -11.3019
-3.98448 -9.24271 -11.7575
-3.98628 -9.2494 -11.7723
-3.98807 -9.25083 -11.5541
-3.98985 -9.25333 -11.8523
-3.99162 -9.25945 -11.6371
-3.99339 -9.2614 -11.7261
-3.99515 -9.26528 -11.9279
-3.99691 -9.27142 -11.6253
-3.99865 -9.27484 -11.4414
-4.00039 -9.27316 -11.6692
-4.00212 -9.27728 -11.7932
-4.00385 -9.28316 -11.9713
-4.00557 -9.28861 -11.4054
-4.00728 -9.29129 -11.6538
-4.00898 -9.29439 -11.4531
-4.01068 -9.29716 -11.8486
-4.01237 -9.29931 -11.9292
-4.01406 -9.30403 -11.7587
-4.01574 -9.3073 -11.6128
-4.01741 -9.30814 -11.7622
-4.01907 -9.31447 -11.3459
-4.02073 -9.31992 -11.3633
-4.02239 -9.32134 -11.8353
-4.02403 -9.32322 -11.7016
-4.02567 -9.32745 -11.9645
-4.02731 -9.33165 -11.7034
-4.02894 -9.33374 -12.1115
-4.03056 -9.33068 -11.5352
-4.03218 -9.34059 -11.6815
-4.03379 -9.33978 -11.6525
-4.03539 -9.34728 -11.7404
-4.03699 -9.35166 -11.7592
-4.03858 -9.35384 -11.9973
-4.04017 -9.35547 -12.1528
-4.04175 -9.35666 -11.6018
-4.04332 -9.36591 -11.9495
-4.04489 -9.36721 -11.6015
-4.04646 -9.36702 -11.4806
-4.04801 -9.37162 -11.848
-4.04957 -9.37676 -11.9485
-4.05111 -9.37799 -11.7293
-4.05266 -9.38158 -11.4562
-4.05419 -9.38317 -11.7211
-4.05572 -9.38792 -11.5955
-4.05725 -9.38996 -11.7069
-4.05877 -9.3953 -11.7148
-4.06028 -9.3998 -11.5816
-4.06179 -9.39704 -12.2103
-4.0633 -9.40393 -11.9357
-4.06479 -9.40185 -11.3058
-4.06629 -9.40697 -11.1493
-4.06778 -9.40748 -11.4604
-4.06926 -9.41888 -11.7847
-4.07074 -9.42171 -11.3652
-4.07221 -9.41816 -11.4694
-4.07368 -9.42134 -11.1418
-4.07515 -9.43032 -11.1898
-4.0766 -9.43737 -11.586
-4.07806 -9.43789 -11.7507
-4.07951 -9.43486 -11.8422
-4.08095 -9.43873 -11.6971
-4.08239 -9.43825 -11.6564
-4.08382 -9.4506 -11.3756
-4.08525 -9.44461 -11.838
-4.08668 -9.44275 -11.8763
-4.0881 -9.45159 -11.7145
-4.08952 -9.45533 -11.1878
-4.09093 -9.45496 -11.5458
-4.09233 -9.46623 -11.2674
-4.09374 -9.45892 -11.8553
-4.09513 -9.4613 -11.3244
-4.09653 -9.4664 -11.6569
-4.09792 -9.46977 -11.8962
-4.0993 -9.47514 -11.4792
-4.10068 -9.48465 -11.9415
-4.10206 -9.4818 -11.8277
-4.10343 -9.48273 -11.4678
-4.10479 -9.48691 -11.7007
-4.10616 -9.49035 -11.3253
-4.10752 -9.49702 -12.0149
-4.10887 -9.49744 -11.5302
-4.11022 -9.48623 -11.3569
-4.11156 -9.50249 -11.4279
-4.11291 -9.50353 -11.3854
-4.11424 -9.50048 -11.8583
-4.11558 -9.5108 -11.6547
-4.11691 -9.50154 -11.8209
-4.11823 -9.51145 -11.5568
-4.11955 -9.51955 -11.3165
-4.12087 -9.51911 -11.5391
-4.12218 -9.51964 -11.1137
-4.12349 -9.51957 -11.2815
-4.1248 -9.51954 -11.9735
-4.1261 -9.52198 -11.1553
-4.1274 -9.53078 -11.7329
-4.12869 -9.52973 -11.6105
-4.12998 -9.53108 -11.736
-4.13127 -9.53944 -11.4061
-4.13255 -9.54435 -11.693
-4.13383 -9.54386 -11.9708
-4.1351 -9.54864 -11.2603
-4.13637 -9.55498 -11.6315
-4.13764 -9.54976 -11.3376
-4.1389 -9.55253 -11.3322
-4.14016 -9.56 -11.783
-4.14142 -9.55158 -11.4378
-4.14267 -9.5574 -10.7958
-4.14392 -9.56658 -11.0417
-4.14517 -9.57001 -11.0828
-4.14641 -9.56386 -11.4301
-4.14765 -9.56805 -11.2974
-4.14888 -9.58002 -11.2292
-4.15011 -9.57191 -11.3343
-4.15134 -9.58483 -11.4868
-4.15256 -9.57137 -11.5155
-4.15378 -9.58344 -11.8907
-4.155 -9.58635 -11.071
-4.15622 -9.59356 -10.9342
-4.15743 -9.5842 -11.653
-4.15863 -9.59961 -11.2366
-4.15984 -9.59255 -11.3247
-4.16104 -9.60222 -11.423
-4.16224 -9.59498 -11.1456
-4.16343 -9.59508 -11.5525
-4.16462 -9.59961 -11.6236
-4.16581 -9.605 -11.8298
-4.16699 -9.60052 -11.1991
-4.16817 -9.61796 -11.2933
-4.16935 -9.61999 -11.3209
-4.17053 -9.6211 -11.6659
-4.1717 -9.63552 -11.4562
-4.17287 -9.61612 -11.428
-4.17403 -9.62128 -11.0872
-4.17519 -9.63416 -11.5545
-4.17635 -9.62044 -11.4132
-4.17751 -9.63051 -11.3857
-4.17866 -9.63306 -11.2017
-4.17981 -9.64441 -11.7503
-4.18096 -9.63763 -11.6205
-4.1821 -9.63398 -11.3933
-4.18324 -9.64447 -11.7398
-4.18438 -9.65719 -11.3682
-4.18551 -9.63966 -11.2625
-4.18665 -9.64381 -11.3744
-4.18777 -9.63912 -11.2785
-4.1889 -9.63934 -11.4714
-4.19002 -9.65243 -11.3828
-4.19114 -9.66424 -11.2285
-4.19226 -9.6556 -11.6063
-4.19338 -9.66327 -11.6512
-4.19449 -9.66286 -11.6212
-4.1956 -9.66289 -11.4501
-4.1967 -9.67376 -11.8286
-4.1978 -9.65495 -10.938
-4.1989 -9.68055 -11.1606
-4.2 -9.68079 -12.0709
-4.2011 -9.68238 -11.3433
-4.20219 -9.67572 -11.7128
-4.20328 -9.68491 -11.674
-4.20436 -9.68286 -11.4923
-4.20545 -9.69223 -11.4809
-4.20653 -9.68229 -11.4245
-4.20761 -9.68893 -11.3428
-4.20868 -9.70256 -11.385
-4.20976 -9.6938 -11.2852
-4.21083 -9.69851 -10.9867
-4.21189 -9.68351 -11.2188
-4.21296 -9.71467 -11.4132
-4.21402 -9.71892 -11.7034
-4.21508 -9.70185 -11.8942
-4.21614 -9.70453 -10.9993
-4.21719 -9.72429 -11.0465
-4.21825 -9.72201 -11.286
-4.2193 -9.72653 -11.5626
-4.22034 -9.68477 -11.3498
-4.22139 -9.74364 -11.083
-4.22243 -9.74241 -11.7949
-4.22347 -9.72436 -11.245
-4.22451 -9.70667 -11.3637
-4.22554 -9.6968 -11.409
-4.22657 -9.72455 -11.3754
-4.2276 -9.73717 -11.4986
-4.22863 -9.76792 -11.168
-4.22966 -9.74715 -11.5276
-4.23068 -9.73472 -11.1815
-4.2317 -9.72289 -10.7695
-4.23272 -9.76803 -11.0043
-4.23373 -9.73667 -10.924
-4.23475 -9.74552 -11.236
-4.23576 -9.75263 -11.1911
-4.23676 -9.73615 -11.1154
-4.23777 -9.7352 -10.8222
-4.23877 -9.75469 -11.133
-4.23977 -9.73235 -11.4934
-4.24077 -9.75013 -11.0535
-4.24177 -9.77719 -11.3925
-4.24276 -9.73277 -11.4594
-4.24376 -9.77021 -11.3259
-4.24475 -9.76295 -10.9593
-4.24573 -9.75448 -11.4691
-4.24672 -9.78023 -11.1197
-4.2477 -9.78771 -11.2326
-4.24868 -9.78858 -11.6099
-4.24966 -9.80016 -11.4139
-4.25064 -9.74803 -12.1966
-4.25161 -9.75888 -11.3261
-4.25259 -9.79359 -11.1759
-4.25356 -9.77545 -11.0373
-4.25452 -9.75818 -11.6599
-4.25549 -9.82748 -11.3973
-4.25645 -9.78413 -11.096
-4.25741 -9.77512 -11.3107
-4.25837 -9.78948 -10.8524
-4.25933 -9.79576 -11.4691
-4.26029 -9.80783 -11.1543
-4.26124 -9.788 -11.1893
-4.26219 -9.80178 -11.8158
-4.26314 -9.81464 -10.9242
-4.26409 -9.8322 -11.0705
-4.26503 -9.78786 -11.1685
-4.26597 -9.84524 -11.1618
-4.26691 -9.81125 -10.9636
-4.26785 -9.83224 -11.7417
-4.26879 -9.80412 -11.8906
-4.26972 -9.84335 -10.9044
-4.27066 -9.81254 -11.1911
-4.27159 -9.81547 -11.0217
-4.27251 -9.82598 -11.5799
-4.27344 -9.81596 -11.4298
-4.27437 -9.83592 -11.7567
-4.27529 -9.83814 -11.0103
-4.27621 -9.83933 -11.0872
-4.27713 -9.84578 -11.1902
-4.27804 -9.84897 -10.876
-4.27896 -9.85227 -11.5537
-4.27987 -9.85632 -11.536
-4.28078 -9.84176 -11.6085
-4.28169 -9.83497 -10.9294
-4.2826 -9.85596 -11.2847
-4.2835 -9.81504 -11.0176
-4.28441 -9.88489 -11.0496
-4.28531 -9.86001 -11.4403
-4.28621 -9.84434 -11.4089
-4.28711 -9.88639 -11.2255
-4.288 -9.86437 -11.0225
-4.2889 -9.87855 -11.3329
-4.28979 -9.86384 -10.9484
-4.29068 -9.85002 -11.5924
-4.29157 -9.87494 -11.004
-4.29246 -9.88491 -11.1632
-4.29334 -9.87642 -11.1579
-4.29422 -9.86288 -11.6135
-4.29511 -9.87971 -10.9643
-4.29598 -9.87553 -11.042
-4.29686 -9.87507 -11.5431
-4.29774 -9.86152 -11.1114
-4.29861 -9.86683 -11.1898
-4.29949 -9.90006 -10.9544
-4.30036 -9.88396 -11.9881
-4.30123 -9.86556 -11.1718
-4.30209 -9.85459 -11.3299
-4.30296 -9.88413 -11.1347
-4.30382 -9.89025 -11.2802
-4.30468 -9.87365 -11.5999
-4.30554 -9.89961 -11.2148
-4.3064 -9.89936 -11.1988
-4.30726 -9.89107 -10.9858
-4.30812 -9.8892 -11.2015
-4.30897 -9.89973 -11.2638
-4.30982 -9.89311 -11.4994
-4.31067 -9.90234 -11.0369
-4.31152 -9.89063 -11.289
-4.31237 -9.91439 -11.4668
-4.31321 -9.91581 -11.3373
-4.31406 -9.89851 -11.5905
-4.3149 -9.89227 -11.4154
-4.31574 -9.90375 -11.407
-4.31658 -9.90662 -11.0614
-4.31742 -9.91549 -11.2262
-4.31825 -9.92599 -11.2979
-4.31909 -9.87266 -11.4791
-4.31992 -9.89082 -10.8546
-4.32075 -9.9044 -11.6513
-4.32158 -9.91072 -11.3918
-4.32241 -9.91901 -11.8017
-4.32323 -9.88942 -11.6944
-4.32406 -9.87845 -11.1326
-4.32488 -9.95313 -11.6802
-4.3257 -9.95044 -11.0791
-4.32652 -9.92753 -11.1965
-4.32734 -9.9115 -11.1142
-4.32816 -9.93654 -11.0135
-4.32897 -9.92221 -11.2251
-4.32978 -9.92231 -10.8691
-4.3306 -9.96009 -10.9523
-4.33141 -9.931 -11.1831
-4.33222 -9.94911 -11.5351
-4.33302 -9.92568 -10.9416
-4.33383 -9.95086 -11.4533
-4.33463 -9.94237 -11.1875
-4.33544 -9.93861 -10.9787
-4.33624 -9.96131 -11.2195
-4.33704 -9.9326 -11.2655
-4.33784 -10.0078 -11.303
-4.33864 -9.93024 -11.4327
-4.33943 -9.90602 -11.106
-4.34023 -9.92392 -11.9593
-4.34102 -9.94971 -11.5756
-4.34181 -9.97186 -11.0887
-4.3426 -9.99853 -11.1885
-4.34339 -9.98812 -11.361
-4.34418 -9.96537 -11.2419
-4.34496 -9.97162 -10.7708
-4.34575 -10.0017 -11.0729
-4.34653 -9.98211 -11.6694
-4.34731 -9.98404 -11.3583
-4.34809 -9.95061 -11.4674
-4.34887 -9.93078 -11.32
-4.34965 -9.96821 -10.9264
-4.35042 -9.98067 -11.2427
-4.3512 -9.96782 -11.4176
-4.35197 -9.98579 -11.5167
-4.35274 -9.98308 -11.4376
-4.35351 -10.0001 -11.4009
-4.35428 -9.9813 -11.1101
-4.35505 -9.97325 -11.2267
-4.35582 -9.96101 -11.2833
-4.35658 -9.99746 -10.8621
-4.35734 -9.98832 -12.084
-4.35811 -9.99015 -11.4774
-4.35887 -9.95118 -11.4957
-4.35963 -9.99867 -11.1169
-4.36039 -9.99776 -11.1769
-4.36114 -9.97907 -11.3128
-4.3619 -10.0188 -11.0246
-4.36265 -10.0099 -11.3541
-4.36341 -9.99107 -10.8823
-4.36416 -10.0144 -11.1975
-4.36491 -9.93174 -11.0831
-4.36566 -10.0017 -11.1277
-4.3664 -10.0633 -10.9757
-4.36715 -9.92568 -10.651
-4.3679 -10.1047 -10.6002
-4.36864 -9.9703 -11.2453
-4.36938 -9.98462 -11.3184
-4.37012 -10.0129 -11.3551
-4.37086 -10.0084 -10.7854
-4.3716 -10.0122 -11.0229
-4.37234 -9.99095 -10.8352
-4.37308 -10.0035 -11.2153
-4.37381 -10.0115 -10.7356
-4.37455 -10.0967 -11.1794
-4.37528 -10.0706 -11.4939
-4.37601 -9.98928 -10.8957
-4.37674 -10.0157 -11.179
-4.37747 -10.0034 -10.9001
-4.3782 -10.0614 -11.0473
-4.37892 -9.96526 -11.0018
-4.37965 -10.0414 -11.1943
-4.38037 -10.025 -11.2468
-4.3811 -10.0264 -10.6373
-4.38182 -10.1065 -10.7637
-4.38254 -10.0907 -10.8896
-4.38326 -10.0724 -11.1842
-4.38398 -10.0861 -10.8226
-4.38469 -10.0347 -10.5855
-4.38541 -9.94143 -11.3678
-4.38612 -9.98766 -11.1489
-4.38684 -10.0074 -11.5572
-4.38755 -10.0704 -11.1017
-4.38826 -10.0002 -11.66
-4.38897 -9.99687 -11.3967
-4.38968 -10.076 -10.9575
-4.39039 -10.0143 -10.8538
-4.39109 -10.151 -11.4854
-4.3918 -10.0969 -11.2096
-4.3925 -10.0815 -11.0824
-4.39321 -10.1156 -10.7832
-4.39391 -10.0534 -11.3593
-4.39461 -10.0317 -11.1987
-4.39531 -10.0929 -11.0499
-4.39601 -10.1045 -11.0159
-4.3967 -10.1218 -10.8323
-4.3974 -10.0868 -11.5046
-4.3981 -10.0952 -11.2557
-4.39879 -10.0751 -10.6282
-4.39948 -10.047 -11.2512
-4.40018 -10.0924 -10.978
-4.40087 -10.1548 -10.8851
-4.40156 -10.0958 -11.1014
-4.40224 -10.0998 -11.2438
-4.40293 -10.1018 -11.3725
-4.40362 -10.0577 -10.9939
-4.4043 -10.1116 -10.7911
-4.40499 -10.0685 -10.8722
-4.40567 -10.0658 -11.2748
-4.40635 -10.1052 -11.1719
-4.40703 -10.1196 -11.1669
-4.40771 -10.1462 -10.9217
-4.40839 -10.0735 -11.2184
-4.40907 -9.985 -10.8385
-4.40975 -10.1844 -11.2138
-4.41042 -10.0921 -11.0148
-4.4111 -10.0965 -10.9189
-4.41177 -10.1044 -10.9693
-4.41244 -10.0884 -11.6384
-4.41312 -10.1226 -10.8417
-4.41379 -10.0652 -11.135
-4.41446 -10.0925 -10.9942
-4.41512 -10.0949 -11.5653
-4.41579 -10.0522 -10.8662
-4.41646 -10.1186 -11.0426
-4.41712 -10.089 -10.8101
-4.41779 -10.0812 -11.1237
-4.41845 -10.1468 -10.9232
-4.41911 -10.0753 -11.0958
-4.41977 -10.0436 -10.9133
-4.42043 -10.1574 -11.2214
-4.42109 -10.2076 -10.7322
-4.42175 -10.0768 -11.3257
-4.42241 -10.1334 -11.0309
-4.42307 -10.1234 -11.3995
-4.42372 -10.1336 -10.8564
-4.42438 -10.0943 -11.0048
-4.42503 -10.1582 -11.5888
-4.42568 -10.124 -11.144
-4.42633 -10.0624 -11.0595
-4.42698 -10.0695 -10.9563
-4.42763 -10.3068 -10.9999
-4.42828 -10.0987 -10.8949
-4.42893 -10.2169 -11.1781
-4.42957 -10.157 -11.2647
-4.43022 -10.0721 -11.142
-4.43086 -10.1587 -10.8325
-4.43151 -10.0828 -10.8737
-4.43215 -10.1666 -11.624
-4.43279 -10.1065 -11.3488
-4.43343 -10.1705 -10.9873
-4.43407 -10.1462 -10.7848
-4.43471 -10.185 -11.2591
-4.43535 -10.1682 -11.0154
-4.43599 -10.0686 -10.9049
-4.43662 -10.1626 -10.8536
-4.43726 -10.1406 -11.2581
-4.43789 -10.1786 -11.0049
-4.43853 -10.1662 -10.882
-4.43916 -10.1319 -10.8707
-4.43979 -10.0882 -11.2286
-4.44042 -10.2622 -11.0538
-4.44105 -10.1162 -10.944
-4.44168 -10.0829 -11.3031
-4.44231 -10.1484 -10.956
-4.44293 -10.2275 -11.0147
-4.44356 -10.2018 -10.9248
-4.44419 -10.2231 -11.0513
-4.44481 -10.132 -11.2327
-4.44543 -10.242 -10.8517
-4.44606 -10.1301 -11.2892
-4.44668 -10.1888 -10.8059
-4.4473 -10.1827 -11.0833
-4.44792 -10.1448 -11.5394
-4.44854 -10.2484 -10.8023
-4.44915 -10.1981 -11.0018
-4.44977 -10.1207 -11.0068
-4.45039 -10.1123 -11.1394
-4.451 -10.2427 -11.6954
-4.45162 -10.2514 -11.1099
-4.45223 -10.1374 -11.3525
-4.45284 -10.1712 -11.3313
-4.45346 -10.2307 -11.1179
-4.45407 -10.1648 -10.8443
-4.45468 -10.1668 -11.3024
-4.45529 -10.1808 -10.7834
-4.4559 -10.2624 -11.0809
-4.4565 -10.243 -11.3018
-4.45711 -10.1662 -11.0105
-4.45772 -10.1234 -11.4534
-4.45832 -10.2743 -10.9244
-4.45892 -10.0819 -11.0448
-4.45953 -10.2406 -11.2505
-4.46013 -10.1708 -10.9716
-4.46073 -10.2641 -10.9584
-4.46133 -10.3331 -11.1433
-4.46193 -10.1808 -10.678
-4.46253 -10.1901 -10.9269
-4.46313 -10.2993 -10.7233
-4.46373 -10.1556 -11.5334
-4.46433 -10.208 -10.9585
-4.46492 -10.3211 -11.1035
-4.46552 -10.2083 -10.6486
-4.46611 -10.2284 -11.3312
-4.4667 -10.2056 -10.7541
-4.4673 -10.2151 -10.9886
-4.46789 -10.2594 -11.0431
-4.46848 -10.1743 -10.848
-4.46907 -10.1413 -10.6872
-4.46966 -10.1268 -11.4319
-4.47025 -10.1314 -10.8319
-4.47084 -10.2809 -10.9188
-4.47142 -10.2337 -11.3193
-4.47201 -10.155 -10.7341
-4.4726 -10.101 -11.0407
-4.47318 -10.1466 -10.8547
-4.47376 -10.229 -10.7641
-4.47435 -10.2431 -10.7971
-4.47493 -10.1667 -10.8489
-4.47551 -10.1787 -11.6205
-4.47609 -10.1837 -10.9358
-4.47667 -10.3277 -11.4593
