===============================================================
JACOBI METHOD
===============================================================

ITERATION   Current X vector                                                                                                Estimator               Residuum
1           1.2000000000000000e+00     -1.1499999999999999e+00    3.0666666666666669e+00     -2.9550000000000001e+00    1.0666666666666669e+00  1.9820000000000000e+03
2           9.9851666666666661e-01     -1.0007916666666667e+00    3.0042333333333331e+00     -3.0043750000000000e+00    6.2291666666666856e-02  2.9841666666666669e+01
3           9.9977616666666658e-01     -9.9979854166666671e-01    2.9999131666666665e+00     -3.0000622708333333e+00    4.3127291666666956e-03  1.7250916666666853e+00
4           1.0000018831249999e+00     -9.9999906072916678e-01    2.9999945762499998e+00     -2.9999945005208333e+00    6.7694583333555158e-05  4.0103812500007052e-02
5           1.0000002828520833e+00     -1.0000002553776042e+00    3.0000001100201388e+00     -2.9999999210263018e+00    5.5337701390101302e-06  2.1682021874767088e-03
6           9.9999999761503200e-01     -1.0000000011882002e+00    3.0000000068701893e+00     -3.0000000069639130e+00    1.0305622577533313e-07  5.0837880820608916e-05
7           9.9999999964179676e-01     -9.9999999967657360e-01    2.9999999998606648e+00     -3.0000000001000182e+00    6.8638947858801203e-09  2.7455578219814925e-06
8           1.0000000000030205e+00     -9.9999999999849520e-01    2.9999999999912990e+00     -2.9999999999911808e+00    1.0871925582023323e-10  6.4384352072011097e-08
9           1.0000000000004536e+00     -1.0000000000004095e+00    3.0000000000001767e+00     -2.9999999999998734e+00    8.8777873941126018e-12  3.4769982448779047e-09
10          9.9999999999999611e-01     -1.0000000000000018e+00    3.0000000000000111e+00     -3.0000000000000115e+00    1.6520118606422329e-13  8.1513462646398693e-11
11          9.9999999999999944e-01     -9.9999999999999944e-01    2.9999999999999996e+00     -3.0000000000000000e+00    1.1546319456101628e-14  4.5474735088646412e-12
ROZWIAZANIE
===============================================================
1.0000000000000000e+00     -1.0000000000000000e+00    3.0000000000000000e+00     -3.0000000000000000e+00
===============================================================

===============================================================
GAUSS-SEIDEL METHOD
===============================================================

ITERATION   Current X vector                                                                                                Estimator               Residuum
1           1.2000000000000000e+00     -1.1459999999999999e+00    3.1032800000000003e+00     -3.0048741999999997e+00    5.0048741999999997e+00  3.0029245199999991e+01
2           9.9632817399999996e-01     -9.9779418586999991e-01    2.9998486263049333e+00     -2.9999426180229487e+00    2.0367182600000000e-01  4.3838340466555792e-01
3           1.0000268070745129e+00     -1.0000045960587003e+00    3.0000013876341538e+00     -3.0000002793183054e+00    3.6986330745129026e-03  2.6889167332200259e-03
4           9.9999991790718068e-01     -9.9999996485389520e-01    2.9999999933977337e+00     -2.9999999988459431e+00    2.6889167332178054e-05  8.2610947345074237e-06
5           1.0000000005181280e+00     -1.0000000001634874e+00    3.0000000000287148e+00     -3.0000000000063602e+00    8.2610947305106208e-08  5.2052797627766267e-08
6           9.9999999999760003e-01     -9.9999999999925482e-01    2.9999999999998468e+00     -2.9999999999999702e+00    5.2052795407320218e-10  2.4112978280754760e-10
7           1.0000000000000113e+00     -1.0000000000000038e+00    3.0000000000000009e+00     -3.0000000000000000e+00    2.4112933871833775e-12  1.1368683772161603e-12
ROZWIAZANIE
===============================================================
1.0000000000000000e+00     -1.0000000000000000e+00    3.0000000000000000e+00     -3.0000000000000000e+00
===============================================================

===============================================================
SOR METHOD
===============================================================

ITERATION   Current X vector                                                                                                Estimator               Residuum
1           1.6000000000000001e+00     4.2599999999999993e-01     2.5424933333333333e+00     -4.8990620000000007e-01    2.4899062000000001e+00  9.9596247999999991e+02
2           1.3493564736666666e+00     -3.2382463035083331e-01    2.7930042904478944e+00     -1.7404846228943018e+00    1.2505784228943018e+00  5.0023136915772079e+02
3           1.1990218014336858e+00     -6.8022376898834314e-01    2.9076288634597054e+00     -2.3682972582346524e+00    6.2781263534035059e-01  2.5112505413613997e+02
4           1.1115090343637843e+00     -8.4921065271755092e-01    2.9594978936135026e+00     -2.6833205887777765e+00    3.1502333054312404e-01  1.2600933221724972e+02
5           1.0616636761505027e+00     -9.2912299925329456e-01    2.9826487731678304e+00     -2.8413184177185444e+00    1.5799782894076797e-01  6.3199131576307082e+01
6           1.0337399590815284e+00     -9.6680288157119099e-01    2.9928023548141427e+00     -2.9205242693767537e+00    7.9205851658209259e-02  3.1682340663283867e+01
7           1.0183000775441153e+00     -9.8451261406410495e-01    2.9971536857322114e+00     -2.9602126164600593e+00    3.9688347083305597e-02  1.5875338833322303e+01
8           1.0098527495975143e+00     -9.9280674434297334e-01    2.9989596041624500e+00     -2.9800904952243821e+00    1.9877878764322787e-02  7.9511515057292854e+00
9           1.0052713876070520e+00     -9.9667582340857497e-01    2.9996743072437284e+00     -2.9900417965163490e+00    9.9513012919669741e-03  3.9805205167867825e+00
10          1.0028049446663005e+00     -9.9847265853706157e-01    2.9999359031958353e+00     -2.9950213901904985e+00    4.9795936741494629e-03  1.9918374696596857e+00
11          1.0014854291556492e+00     -9.9930291643208036e-01    3.0000180419027451e+00     -2.9975120439965539e+00    2.4906538060553984e-03  9.9626152242240096e-01
12          1.0007833389166885e+00     -9.9968433559434744e-01    3.0000344072117584e+00     -2.9987572446707675e+00    1.2452006742136312e-03  4.9808026968548802e-01
13          1.0004115450381934e+00     -9.9985838702926699e-01    3.0000300588894939e+00     -2.9993795059898813e+00    6.2226131911380378e-04  2.4890452764520887e-01
14          1.0002154874052072e+00     -9.9993718781937801e-01    3.0000215339283280e+00     -2.9996903300010436e+00    3.1082401116222513e-04  1.2432960446517427e-01
15          1.0001124874742078e+00     -9.9997253066407821e-01    3.0000140554934949e+00     -2.9998455205614016e+00    1.5519056035806500e-04  6.2076224143311265e-02
16          1.0000585577204275e+00     -9.9998820216438766e-01    3.0000086890812976e+00     -2.9999229713037896e+00    7.7450742387963345e-05  3.0980296955021913e-02
17          1.0000304063890220e+00     -9.9999505306605596e-01    3.0000051832026813e+00     -2.9999616076315365e+00    3.8636327746921495e-05  1.5454531098839652e-02
18          1.0000157519826809e+00     -9.9999799398556366e-01    3.0000030146582048e+00     -2.9999808729580497e+00    1.9265326513195902e-05  7.7061306051291467e-03
19          1.0000081427804599e+00     -9.9999922629117544e-01    3.0000017205840646e+00     -2.9999904750831519e+00    9.6021251021483067e-06  3.8408500408877444e-03
20          1.0000042009266861e+00     -9.9999972550352434e-01    3.0000009677143136e+00     -2.9999952588373056e+00    4.7837541536921435e-06  1.9135016614200140e-03
21          1.0000021632761227e+00     -9.9999991774734298e-01    3.0000005379313532e+00     -2.9999976410513445e+00    2.3822140389206936e-06  9.5288561556117202e-04
22          1.0000011120542409e+00     -9.9999998576135174e-01    3.0000002961670864e+00     -2.9999988268281372e+00    1.1857767927558882e-06  4.7431071698156302e-04
23          1.0000005707342208e+00     -1.0000000060104888e+00    3.0000001617577792e+00     -2.9999994168050708e+00    5.8997693352935698e-07  2.3599077348990249e-04
24          1.0000002924674041e+00     -1.0000000094087718e+00    3.0000000877484552e+00     -2.9999997102162066e+00    2.9341113583214451e-07  1.1736445435417409e-04
25          1.0000001496559305e+00     -1.0000000078233386e+00    3.0000000473230743e+00     -2.9999998560731322e+00    1.4585692564850206e-07  5.8342769989394583e-05
26          1.0000000764745207e+00     -1.0000000054287106e+00    3.0000000253919126e+00     -2.9999999285477141e+00    7.3181409820932686e-08  2.8989833026571432e-05
27          1.0000000390279820e+00     -1.0000000034511596e+00    3.0000000135635800e+00     -2.9999999645435089e+00    3.7446538758700854e-08  1.4398317716768361e-05
28          1.0000000198929466e+00     -1.0000000020828825e+00    3.0000000072165505e+00     -2.9999999824134953e+00    1.9135035334016948e-08  7.1479944381280802e-06
29          1.0000000101276909e+00     -1.0000000012144263e+00    3.0000000038259955e+00     -2.9999999912810114e+00    9.7652557151661767e-09  3.5470065995468758e-06
30          1.0000000051502982e+00     -1.0000000006908163e+00    3.0000000020219608e+00     -2.9999999956793015e+00    4.9773927202068080e-09  1.7593160919204820e-06
31          1.0000000026162859e+00     -1.0000000003857379e+00    3.0000000010654797e+00     -2.9999999978598635e+00    2.5340123332995290e-09  8.7222497313632630e-07
32          1.0000000013276615e+00     -1.0000000002122851e+00    3.0000000005599818e+00     -2.9999999989404369e+00    1.2886243183629631e-09  4.3222962631261908e-07
33          1.0000000006730629e+00     -1.0000000001154699e+00    3.0000000002935998e+00     -2.9999999994756661e+00    6.5459859754923855e-10  2.1409164219221566e-07
34          1.0000000003408833e+00     -1.0000000000622054e+00    3.0000000001535945e+00     -2.9999999997406523e+00    3.3217961714626654e-10  1.0599433153402060e-07
35          1.0000000001724849e+00     -1.0000000000332399e+00    3.0000000000801874e+00     -2.9999999998717821e+00    1.6839840633053882e-10  5.2451923693297431e-08
36          1.0000000000871976e+00     -1.0000000000176388e+00    3.0000000000417844e+00     -2.9999999999366418e+00    8.5287332751704525e-11  2.5943791115423664e-08
37          1.0000000000440432e+00     -1.0000000000093037e+00    3.0000000000217346e+00     -2.9999999999687073e+00    4.3154368967179835e-11  1.2826149031752720e-08
38          1.0000000000222271e+00     -1.0000000000048812e+00    3.0000000000112870e+00     -2.9999999999845519e+00    2.1816104478489251e-11  6.3380412029800937e-09
39          1.0000000000112081e+00     -1.0000000000025489e+00    3.0000000000058522e+00     -2.9999999999923777e+00    1.1018963519404679e-11  3.1302533898269758e-09
40          1.0000000000056473e+00     -1.0000000000013254e+00    3.0000000000030300e+00     -2.9999999999962412e+00    5.5608850857424841e-12  1.5452314983122051e-09
41          1.0000000000028433e+00     -1.0000000000006866e+00    3.0000000000015663e+00     -2.9999999999981473e+00    2.8039792709932954e-12  7.6238393376115710e-10
42          1.0000000000014304e+00     -1.0000000000003544e+00    3.0000000000008091e+00     -2.9999999999990870e+00    1.4128698211379742e-12  3.7607605918310583e-10
43          1.0000000000007190e+00     -1.0000000000001823e+00    3.0000000000004174e+00     -2.9999999999995501e+00    7.1143091417980031e-13  1.8553691916167736e-10
44          1.0000000000003610e+00     -1.0000000000000935e+00    3.0000000000002149e+00     -2.9999999999997788e+00    3.5793590313915047e-13  9.1404217528179288e-11
45          1.0000000000001812e+00     -1.0000000000000477e+00    3.0000000000001106e+00     -2.9999999999998912e+00    1.7985612998927536e-13  4.4792614062316716e-11
46          1.0000000000000908e+00     -1.0000000000000242e+00    3.0000000000000568e+00     -2.9999999999999463e+00    9.0372154204487742e-14  2.2282620193436742e-11
47          1.0000000000000455e+00     -1.0000000000000124e+00    3.0000000000000293e+00     -2.9999999999999738e+00    4.5297099404706387e-14  1.0913936421275139e-11
48          1.0000000000000229e+00     -1.0000000000000062e+00    3.0000000000000151e+00     -2.9999999999999871e+00    2.2648549702353193e-14  5.4569682106375694e-12
49          1.0000000000000115e+00     -1.0000000000000031e+00    3.0000000000000075e+00     -2.9999999999999938e+00    1.1324274851176597e-14  2.5011104298755527e-12
50          1.0000000000000058e+00     -1.0000000000000016e+00    3.0000000000000036e+00     -2.9999999999999969e+00    5.7731597280508140e-15  1.1368683772161603e-12
51          1.0000000000000029e+00     -1.0000000000000007e+00    3.0000000000000018e+00     -2.9999999999999982e+00    2.8865798640254070e-15  6.8212102632969618e-13
52          1.0000000000000016e+00     -1.0000000000000002e+00    3.0000000000000009e+00     -2.9999999999999991e+00    1.3322676295501878e-15  4.5474735088646412e-13
53          1.0000000000000007e+00     -1.0000000000000000e+00    3.0000000000000004e+00     -2.9999999999999996e+00    8.8817841970012523e-16  2.2737367544323206e-13
54          1.0000000000000002e+00     -1.0000000000000000e+00    3.0000000000000004e+00     -3.0000000000000000e+00    4.4408920985006262e-16  1.1368683772161603e-13
55          1.0000000000000000e+00     -1.0000000000000000e+00    3.0000000000000004e+00     -3.0000000000000000e+00    2.2204460492503131e-16  1.1368683772161603e-13
ROZWIAZANIE
===============================================================
1.0000000000000000e+00     -1.0000000000000000e+00    3.0000000000000004e+00     -3.0000000000000000e+00
===============================================================