0 0 0
0.15 0.949657 3
0.3 0.9973 -2.93399
0.45 0.999838 8.38073
0.6 0.999989 -11.8971
0.75 0.999999 21.6733
0.9 1 -29.183
1.05 1 41.1051
1.2 1 -47.6649
1.35 1 55.2494
1.5 1 -54.9552
1.65 1 54.8031
1.8 1 -47.5818
1.95 1 42.4779
2.1 1 -32.694
2.25 1 27.1892
2.4 1 -18.5744
2.55 1 15.1306
2.7 1 -8.89048
2.85 1 7.73483
3 1 -3.47482
3.15 1 3.90863
3.3 1 -0.853761
3.45 1 2.16074
3.6 1 0.284684
3.75 1 1.43452
3.9 1 0.739469
4.05 1 1.15437
4.2 1 0.909507
4.35 1 1.05253
4.5 1 0.969781
4.65 1 1.01724
4.8 1 0.990235
4.95 1 1.00549
