0.5 1.00358 0.646945 0.8514730.825263 0.842736
0.25 0.927527 0.749209 0.8448710.838368 0.842703
0.125 0.886199 0.79704 0.8432420.841619 0.842701
0.0625 0.86472 0.820141 0.8428360.842431 0.842701
0.03125 0.853778 0.831488 0.8427350.842633 0.842701
0.015625 0.848256 0.837111 0.8427090.842684 0.842701
0.0078125 0.845483 0.83991 0.8427030.842697 0.842701
0.00390625 0.844093 0.841307 0.8427010.8427 0.842701
0.00195313 0.843397 0.842004 0.8427010.842701 0.842701
0.000976563 0.843049 0.842352 0.8427010.842701 0.842701
0.000488281 0.842875 0.842527 0.8427010.842701 0.842701
0.000244141 0.842788 0.842614 0.8427010.842701 0.842701
0.00012207 0.842744 0.842657 0.8427010.842701 0.842701
6.10352e-05 0.842723 0.842679 0.8427010.842701 0.842701
3.05176e-05 0.842712 0.84269 0.8427010.842701 0.842701
1.52588e-05 0.842706 0.842695 0.8427010.842701 0.842701
