0.5 1.2706 0.716744 0.9961210.993672 0.995304
0.25 1.13336 0.856432 0.9955340.994896 0.995321
0.125 1.06445 0.925983 0.9953760.995215 0.995322
0.0625 1.02991 0.960679 0.9953360.995295 0.995322
0.03125 1.01262 0.978008 0.9953260.995316 0.995322
0.015625 1.00397 0.986667 0.9953230.995321 0.995322
0.0078125 0.999649 0.990995 0.9953220.995322 0.995322
0.00390625 0.997486 0.993159 0.9953220.995322 0.995322
0.00195313 0.996404 0.99424 0.9953220.995322 0.995322
0.000976563 0.995863 0.994781 0.9953220.995322 0.995322
0.000488281 0.995593 0.995052 0.9953220.995322 0.995322
0.000244141 0.995457 0.995187 0.9953220.995322 0.995322
0.00012207 0.99539 0.995255 0.9953220.995322 0.995322
6.10352e-05 0.995356 0.995288 0.9953220.995322 0.995322
3.05176e-05 0.995339 0.995305 0.9953220.995322 0.995322
1.52588e-05 0.995331 0.995314 0.9953220.995322 0.995322
