-0.30103 -0.549682 -0.549635 -5.15199 -4.81004 -6.33327
-0.60206 -0.850702 -0.850676 -5.68594 -5.3747 -7.48572
-0.90309 -1.15173 -1.15171 -6.27036 -5.96678 -8.67696
-1.20412 -1.45275 -1.45275 -6.86798 -6.56631 -9.87786
-1.50515 -1.75378 -1.75378 -7.46893 -7.16774 -11.0812
-1.80618 -2.05481 -2.05481 -8.07071 -7.76964 -12.2849
-2.10721 -2.35584 -2.35584 -8.6727 -8.37166 -13.4967
-2.40824 -2.65687 -2.65687 -9.27474 -8.97371 -15.0515
-2.70927 -2.9579 -2.9579 -9.8768 -9.57577 -14.5929
-3.0103 -3.25893 -3.25893 -10.4789 -10.1778 -14.7241
-3.31133 -3.55996 -3.55996 -11.0809 -10.7798 -14.3211
-3.61236 -3.86099 -3.86099 -11.684 -11.3824 -14.7505
-3.91339 -4.16202 -4.16202 -12.2915 -11.9812 -14.6993
-4.21442 -4.46305 -4.46305 -12.9216 -12.5824 -14.5074
-4.51545 -4.76408 -4.76408 -13.5891 -13.1919 -13.8054
-4.81648 -5.06511 -5.06511 -13.52 -13.44 -13.7785
