0.5 1.28202 0.717902 0.9999850.999962 0.999977
0.25 1.141 0.858944 0.999980.999974 0.999978
0.125 1.07049 0.929462 0.9999780.999977 0.999978
0.0625 1.03524 0.96472 0.9999780.999978 0.999978
0.03125 1.01761 0.982349 0.9999780.999978 0.999978
0.015625 1.00879 0.991164 0.9999780.999978 0.999978
0.0078125 1.00439 0.995571 0.9999780.999978 0.999978
0.00390625 1.00218 0.997774 0.9999780.999978 0.999978
0.00195313 1.00108 0.998876 0.9999780.999978 0.999978
0.000976563 1.00053 0.999427 0.9999780.999978 0.999978
0.000488281 1.00025 0.999702 0.9999780.999978 0.999978
0.000244141 1.00012 0.99984 0.9999780.999978 0.999978
0.00012207 1.00005 0.999909 0.9999780.999978 0.999978
6.10352e-05 1.00001 0.999943 0.9999780.999978 0.999978
3.05176e-05 0.999995 0.999961 0.9999780.999978 0.999978
1.52588e-05 0.999987 0.999969 0.9999780.999978 0.999978
