======================================== DOUBLE ========================================
   STEP   0 PROGRESYWNA DWUPUNKTOWA  0 PROGRESYWNA TRZYPUNKTOWAPI/4 PROGRESYWNA DWUPUNKTOWA  PI/4 CENTRALNA DWUPUNKTOWA   PI/4 WSTECZNA DWUPUNKTOWA   PI/2 WSTECZNA DWUPUNKTOWA  PI/2 WSTECZNA TRZYPUNKTOWA
     -1          -2.778368400209113          -2.478642344218184          -1.437661825137375          -2.928883398041019          -1.466635186251784          -1.301391937896357          -3.602783875792835
     -2          -4.778153421855923          -4.477136455134727          -2.450103366936582          -4.928668419613516          -2.452998683857631           -2.30103361478756          -6.602067207303143
     -3          -6.778151272020307           -6.47712140654056          -3.451400289068473          -6.928666386128147          -3.451689818666019          -3.301030031862044          -9.602021490373721
     -4          -8.778151272309605            -8.4771212477158          -4.451530521260314          -8.928638065053347          -4.451559476105053          -4.301029998303926          -16.21301914394243
     -5          -10.77814832147743          -10.47712121878598          -5.451544074136996          -10.85499199125936           -5.45154750472137          -5.301029959735615          -16.21301914394243
     -6          -12.77820907794773          -12.47717908228375          -6.451681399768446          -10.27860532498608          -6.451552032116308          -6.300991388400894          -16.21301914394243
     -7          -14.77849851113532          -14.50743173884878          -7.446025341367838          -9.078038482517508          -7.466781056075576          -7.301377256947942          -16.21301914394243
     -8                        -inf                        -inf            -8.5156643354204            -8.5156643354204            -8.5156643354204          -16.21301914394243          -16.21301914394243
     -9                        -inf                        -inf           -7.43941264850478          -7.717735780704707          -7.126880835925422          -16.21301914394243          -16.21301914394243
    -10                        -inf                        -inf          -6.034076473147955          -6.432475070387558          -6.731216950344511          -16.21301914394243          -16.21301914394243
    -11                        -inf                        -inf          -5.270395672334929          -6.731216950344511           -5.24133007961101          -16.21301914394243          -16.21301914394243
    -12                        -inf                        -inf           -5.24133007961101           -5.24133007961101           -5.24133007961101          -16.21301914394243          -16.21301914394243
    -13                        -inf                        -inf          -3.977631437399766          -3.977631437399766          -3.977631437399766          -16.21301914394243          -16.21301914394243
    -14                        -inf                        -inf          -2.463952586571321          -2.674656662261689          -2.115415567943705          -16.21301914394243          -16.21301914394243
    -15                        -inf                        -inf           -1.15459597673405          -1.837489814381684          -1.387502592320017          -16.21301914394243          -16.21301914394243
    -16                        -inf                        -inf         -0.3945697017387263         -0.8181699300414504         -0.1505149978319906          -16.21301914394243          -16.21301914394243
    -17                        -inf                        -inf         -0.1505149978319906         -0.1505149978319906         -0.1505149978319906          -16.21301914394243          -16.21301914394243
    -18                        -inf                        -inf         -0.1505149978319906         -0.1505149978319906         -0.1505149978319906          -16.21301914394243          -16.21301914394243
    -19                        -inf                        -inf         -0.1505149978319906         -0.1505149978319906         -0.1505149978319906          -16.21301914394243          -16.21301914394243
    -20                        -inf                        -inf         -0.1505149978319906         -0.1505149978319906         -0.1505149978319906          -16.21301914394243          -16.21301914394243

ROW VALUES
            1.99978502164681           1.998494110916543           1.012441541799207           1.999785021572497          0.9863634976058464          0.9996416768912033           2.999283331510309
======================================== FLOAT ========================================

   STEP   0 PROGRESYWNA DWUPUNKTOWA  0 PROGRESYWNA TRZYPUNKTOWAPI/4 PROGRESYWNA DWUPUNKTOWA  PI/4 CENTRALNA DWUPUNKTOWA   PI/4 WSTECZNA DWUPUNKTOWA   PI/2 WSTECZNA DWUPUNKTOWA  PI/2 WSTECZNA TRZYPUNKTOWA
     -1          -2.778384685516357          -2.478630781173706          -1.437668442726135          -2.928977012634277          -1.466635823249817          -1.301392555236816          -3.603467464447021
     -2          -4.777561664581299          -4.476531982421875          -2.450326919555664          -4.857364177703857          -2.453742742538452          -2.300954103469849          -7.359405517578125
     -3          -6.923689842224121          -6.321630001068115          -3.501921415328979          -4.886263370513916          -3.467475652694702          -3.321590185165405          -7.359405517578125
     -4                        -inf                        -inf          -3.397480010986328          -3.989696741104126          -3.708581209182739          -7.359405517578125          -7.359405517578125
     -5                        -inf                        -inf          -2.659840822219849            -3.1014564037323          -2.423439741134644          -7.359405517578125          -7.359405517578125
     -6                        -inf                        -inf          -2.088894128799438          -2.088894128799438          -2.088894128799438          -7.359405517578125          -7.359405517578125
     -7                        -inf                        -inf         -0.3142705857753754         -0.7282443046569824         -0.9544413089752197          -7.359405517578125          -7.359405517578125
     -8                        -inf                        -inf          -0.150515004992485          -0.150515004992485          -0.150515004992485          -7.359405517578125          -7.359405517578125
     -9                        -inf                        -inf          -0.150515004992485          -0.150515004992485          -0.150515004992485          -7.359405517578125          -7.359405517578125
    -10                        -inf                        -inf          -0.150515004992485          -0.150515004992485          -0.150515004992485          -7.359405517578125          -7.359405517578125
    -11                        -inf                        -inf          -0.150515004992485          -0.150515004992485          -0.150515004992485          -7.359405517578125          -7.359405517578125
    -12                        -inf                        -inf          -0.150515004992485          -0.150515004992485          -0.150515004992485          -7.359405517578125          -7.359405517578125
    -13                        -inf                        -inf          -0.150515004992485          -0.150515004992485          -0.150515004992485          -7.359405517578125          -7.359405517578125
    -14                        -inf                        -inf          -0.150515004992485          -0.150515004992485          -0.150515004992485          -7.359405517578125          -7.359405517578125
    -15                        -inf                        -inf          -0.150515004992485          -0.150515004992485          -0.150515004992485          -7.359405517578125          -7.359405517578125
    -16                        -inf                        -inf          -0.150515004992485          -0.150515004992485          -0.150515004992485          -7.359405517578125          -7.359405517578125
    -17                        -inf                        -inf          -0.150515004992485          -0.150515004992485          -0.150515004992485          -7.359405517578125          -7.359405517578125
    -18                        -inf                        -inf          -0.150515004992485          -0.150515004992485          -0.150515004992485          -7.359405517578125          -7.359405517578125
    -19                        -inf                        -inf          -0.150515004992485          -0.150515004992485          -0.150515004992485          -7.359405517578125          -7.359405517578125
    -20                        -inf                        -inf          -0.150515004992485          -0.150515004992485          -0.150515004992485          -7.359405517578125          -7.359405517578125

ROW VALUES
           1.999176979064941           1.997901201248169           1.012658476829529            1.92838716506958          0.9871069192886353          0.9995615482330322           3.755938053131104
